-7.715000000000000568e+01 2.526899999999999977e+02 2.900000000000000000e+03 2.314549560546875000e+02 2.105800018310546875e+02 2.782399940490722656e+01 1.339400024414062500e+02
-9.029999999999999716e+01 -9.401999999999999602e+01 2.900000000000000000e+03 2.386940765380859375e+02 2.140399932861328125e+02 2.838100051879882812e+01 1.374989929199218750e+02
-5.054999999999999716e+01 -3.856499999999999773e+02 2.900000000000000000e+03 2.040568084716796875e+02 1.881300048828125000e+02 2.461899948120117188e+01 1.205400009155273438e+02
1.880999999999999872e+01 -4.513799999999999955e+02 2.900000000000000000e+03 2.400541687011718750e+02 2.147400054931640625e+02 2.800799942016601562e+01 1.387769927978515625e+02
7.715000000000000568e+01 -2.526899999999999977e+02 2.900000000000000000e+03 2.353769378662109375e+02 2.133899993896484375e+02 2.743899917602539062e+01 1.366699981689453125e+02
9.029999999999999716e+01 9.401999999999999602e+01 2.900000000000000000e+03 2.117034301757812500e+02 1.949000091552734375e+02 2.529999923706054688e+01 1.252500000000000000e+02
5.054999999999999716e+01 3.856499999999999773e+02 2.900000000000000000e+03 2.412571716308593750e+02 2.176300048828125000e+02 2.829999923706054688e+01 1.385940093994140625e+02
-1.880999999999999872e+01 4.513799999999999955e+02 2.900000000000000000e+03 2.067342987060546875e+02 1.909100036621093750e+02 2.510700035095214844e+01 1.216699981689453125e+02
-1.172099999999999937e+02 3.839100000000000250e+02 2.900000000000000000e+03 2.473321685791015625e+02 2.218600006103515625e+02 2.954999923706054688e+01 1.411999969482421875e+02
-1.371899999999999977e+02 -1.428400000000000034e+02 2.900000000000000000e+03 2.433162994384765625e+02 2.194900054931640625e+02 2.921399879455566406e+01 1.407309875488281250e+02
-7.679999999999999716e+01 -5.859199999999999591e+02 2.900000000000000000e+03 2.474859008789062500e+02 2.203300018310546875e+02 2.922299957275390625e+01 1.431700134277343750e+02
2.857999999999999829e+01 -6.857699999999999818e+02 2.900000000000000000e+03 2.431603088378906250e+02 2.185800018310546875e+02 2.819300079345703125e+01 1.405500030517578125e+02
1.172099999999999937e+02 -3.839100000000000250e+02 2.900000000000000000e+03 2.423901824951171875e+02 2.184799957275390625e+02 2.825599861145019531e+01 1.417100067138671875e+02
1.371899999999999977e+02 1.428400000000000034e+02 2.900000000000000000e+03 2.479591827392578125e+02 2.228199920654296875e+02 2.850400161743164062e+01 1.420769958496093750e+02
7.679999999999999716e+01 5.859199999999999591e+02 2.900000000000000000e+03 2.429047241210937500e+02 2.198800048828125000e+02 2.857099914550781250e+01 1.399199981689453125e+02
-2.857999999999999829e+01 6.857699999999999818e+02 2.900000000000000000e+03 2.259527282714843750e+02 2.072900085449218750e+02 2.732299995422363281e+01 1.316500091552734375e+02
-1.656299999999999955e+02 5.424800000000000182e+02 2.900000000000000000e+03 2.557444763183593750e+02 2.303000030517578125e+02 3.065500068664550781e+01 1.448270111083984375e+02
-1.938499999999999943e+02 -2.018300000000000125e+02 2.900000000000000000e+03 2.237686767578125000e+02 2.042400054931640625e+02 2.737799835205078125e+01 1.311000061035156250e+02
-1.085199999999999960e+02 -8.279099999999999682e+02 2.900000000000000000e+03 2.492192382812500000e+02 2.251799926757812500e+02 2.996100044250488281e+01 1.467899932861328125e+02
4.038000000000000256e+01 -9.690099999999999909e+02 2.900000000000000000e+03 2.325067596435546875e+02 2.108299865722656250e+02 2.692300033569335938e+01 1.353099975585937500e+02
1.656299999999999955e+02 -5.424800000000000182e+02 2.900000000000000000e+03 2.432174224853515625e+02 2.197500000000000000e+02 2.762899971008300781e+01 1.404010009765625000e+02
1.938499999999999943e+02 2.018300000000000125e+02 2.900000000000000000e+03 2.568107604980468750e+02 2.322400054931640625e+02 2.960099983215332031e+01 1.485800018310546875e+02
1.085199999999999960e+02 8.279099999999999682e+02 2.900000000000000000e+03 2.386660308837890625e+02 2.191600036621093750e+02 2.829300117492675781e+01 1.385599975585937500e+02
-4.038000000000000256e+01 9.690099999999999909e+02 2.900000000000000000e+03 2.597604064941406250e+02 2.339700012207031250e+02 3.071100044250488281e+01 1.466529998779296875e+02
-2.223899999999999864e+02 7.283799999999999955e+02 2.900000000000000000e+03 2.725306701660156250e+02 2.472799987792968750e+02 3.316899871826171875e+01 1.551399993896484375e+02
-2.602900000000000205e+02 -2.710000000000000000e+02 2.900000000000000000e+03 2.761170043945312500e+02 2.458500061035156250e+02 3.327799987792968750e+01 1.576340026855468750e+02
-1.457100000000000080e+02 -1.111640000000000100e+03 2.900000000000000000e+03 2.796981811523437500e+02 2.503900146484375000e+02 3.336100006103515625e+01 1.634400024414062500e+02
5.421000000000000085e+01 -1.301089999999999918e+03 2.900000000000000000e+03 2.379014434814453125e+02 2.135800018310546875e+02 2.799300003051757812e+01 1.413299865722656250e+02
2.223899999999999864e+02 -7.283799999999999955e+02 2.900000000000000000e+03 2.416360473632812500e+02 2.185099945068359375e+02 2.761899948120117188e+01 1.414400024414062500e+02
2.602900000000000205e+02 2.710000000000000000e+02 2.900000000000000000e+03 2.578394165039062500e+02 2.323899993896484375e+02 2.934000015258789062e+01 1.488300018310546875e+02
1.457100000000000080e+02 1.111640000000000100e+03 2.900000000000000000e+03 2.345112457275390625e+02 2.153899993896484375e+02 2.746199989318847656e+01 1.345800018310546875e+02
-5.421000000000000085e+01 1.301089999999999918e+03 2.900000000000000000e+03 2.775446166992187500e+02 2.523800048828125000e+02 3.318099975585937500e+01 1.572500000000000000e+02
-2.874900000000000091e+02 9.416299999999999955e+02 2.900000000000000000e+03 3.143182983398437500e+02 2.832600097656250000e+02 3.860700225830078125e+01 1.777699890136718750e+02
-3.364900000000000091e+02 -3.503399999999999750e+02 2.900000000000000000e+03 2.441116333007812500e+02 2.195500030517578125e+02 2.949200057983398438e+01 1.388079986572265625e+02
-1.883799999999999955e+02 -1.437099999999999909e+03 2.900000000000000000e+03 2.644670410156250000e+02 2.352799987792968750e+02 3.147400093078613281e+01 1.541959991455078125e+02
7.009000000000000341e+01 -1.682019999999999982e+03 2.900000000000000000e+03 3.073469238281250000e+02 2.720700073242187500e+02 3.509000015258789062e+01 1.790899963378906250e+02
2.874900000000000091e+02 -9.416299999999999955e+02 2.900000000000000000e+03 3.063512573242187500e+02 2.731999816894531250e+02 3.390700149536132812e+01 1.762400054931640625e+02
3.364900000000000091e+02 3.503399999999999750e+02 2.900000000000000000e+03 2.647778320312500000e+02 2.369799957275390625e+02 2.977000045776367188e+01 1.527899932861328125e+02
1.883799999999999955e+02 1.437099999999999909e+03 2.900000000000000000e+03 2.835251464843750000e+02 2.551300048828125000e+02 3.237800216674804688e+01 1.586399993896484375e+02
-7.009000000000000341e+01 1.682019999999999982e+03 2.900000000000000000e+03 3.209938354492187500e+02 2.900700073242187500e+02 3.830399703979492188e+01 1.794299926757812500e+02
-3.609499999999999886e+02 1.182230000000000018e+03 2.900000000000000000e+03 3.768710937500000000e+02 3.343999938964843750e+02 4.626900100708007812e+01 2.098899993896484375e+02
-4.224700000000000273e+02 -4.398600000000000136e+02 2.900000000000000000e+03 3.670309448242187500e+02 3.235800170898437500e+02 4.464299774169921875e+01 2.076040039062500000e+02
-2.365099999999999909e+02 -1.804289999999999964e+03 2.900000000000000000e+03 3.402749023437500000e+02 2.975100097656250000e+02 3.984399795532226562e+01 1.952940063476562500e+02
8.800000000000000000e+01 -2.111789999999999964e+03 2.900000000000000000e+03 3.235729370117187500e+02 2.904400024414062500e+02 3.618999862670898438e+01 1.872699890136718750e+02
3.609499999999999886e+02 -1.182230000000000018e+03 2.900000000000000000e+03 3.601578674316406250e+02 3.184600219726562500e+02 3.882300186157226562e+01 2.056999969482421875e+02
4.224700000000000273e+02 4.398600000000000136e+02 2.900000000000000000e+03 3.576157531738281250e+02 3.177700195312500000e+02 3.952500152587890625e+01 2.050500030517578125e+02
2.365099999999999909e+02 1.804289999999999964e+03 2.900000000000000000e+03 3.077906188964843750e+02 2.791100158691406250e+02 3.563800048828125000e+01 1.746600036621093750e+02
-8.800000000000000000e+01 2.111789999999999964e+03 2.900000000000000000e+03 3.803099975585937500e+02 3.375899963378906250e+02 4.539799880981445312e+01 2.105749969482421875e+02
-4.427599999999999909e+02 1.450190000000000055e+03 2.900000000000000000e+03 3.185564880371093750e+02 2.847600097656250000e+02 4.046599960327148438e+01 1.808600006103515625e+02
-5.182200000000000273e+02 -5.395599999999999454e+02 2.900000000000000000e+03 3.292995910644531250e+02 2.844499816894531250e+02 4.247799682617187500e+01 1.960450134277343750e+02
-2.901100000000000136e+02 -2.213230000000000018e+03 2.900000000000000000e+03 2.690751037597656250e+02 2.422599945068359375e+02 3.289099884033203125e+01 1.613399963378906250e+02
1.079399999999999977e+02 -2.590429999999999836e+03 2.900000000000000000e+03 4.300775756835937500e+02 3.681400146484375000e+02 4.667199707031250000e+01 2.438890075683593750e+02
4.427599999999999909e+02 -1.450190000000000055e+03 2.900000000000000000e+03 2.543232574462890625e+02 2.289599914550781250e+02 2.740800094604492188e+01 1.477300109863281250e+02
5.182200000000000273e+02 5.395599999999999454e+02 2.900000000000000000e+03 4.236570129394531250e+02 3.739800109863281250e+02 4.387500000000000000e+01 2.309700012207031250e+02
2.901100000000000136e+02 2.213230000000000018e+03 2.900000000000000000e+03 3.786269531250000000e+02 3.389400024414062500e+02 4.269400024414062500e+01 2.094800109863281250e+02
-1.079399999999999977e+02 2.590429999999999836e+03 2.900000000000000000e+03 4.012297973632812500e+02 3.585000000000000000e+02 4.585300064086914062e+01 2.094419860839843750e+02
-5.329199999999999591e+02 1.745490000000000009e+03 2.900000000000000000e+03 3.842503356933593750e+02 3.297619934082031250e+02 4.811800003051757812e+01 2.116219940185546875e+02
-6.237500000000000000e+02 -6.494299999999999500e+02 2.900000000000000000e+03 3.894960632324218750e+02 3.338819885253906250e+02 4.745100021362304688e+01 2.155999908447265625e+02
-3.491899999999999977e+02 -2.663929999999999836e+03 2.900000000000000000e+03 4.319993591308593750e+02 3.666499938964843750e+02 4.999499893188476562e+01 2.455299987792968750e+02
1.299199999999999875e+02 -3.117929999999999836e+03 2.900000000000000000e+03 4.021834411621093750e+02 3.383489990234375000e+02 4.377499771118164062e+01 2.316119995117187500e+02
5.329199999999999591e+02 -1.745490000000000009e+03 2.900000000000000000e+03 3.964080505371093750e+02 3.401309814453125000e+02 3.992100143432617188e+01 2.190579986572265625e+02
6.237500000000000000e+02 6.494299999999999500e+02 2.900000000000000000e+03 3.477716979980468750e+02 2.956520080566406250e+02 3.773000335693359375e+01 1.993499908447265625e+02
3.491899999999999977e+02 2.663929999999999836e+03 2.900000000000000000e+03 3.701234130859375000e+02 3.228419799804687500e+02 4.053600311279296875e+01 1.988550109863281250e+02
-1.299199999999999875e+02 3.117929999999999836e+03 2.900000000000000000e+03 3.427652282714843750e+02 3.050220031738281250e+02 3.842100143432617188e+01 1.738800048828125000e+02
-6.314400000000000546e+02 2.068170000000000073e+03 2.900000000000000000e+03 2.254160766601562500e+02 1.948580017089843750e+02 2.924600028991699219e+01 1.270739974975585938e+02
-7.390499999999999545e+02 -7.694800000000000182e+02 2.900000000000000000e+03 2.107439880371093750e+02 1.845919952392578125e+02 2.626800155639648438e+01 1.200270004272460938e+02
-4.137400000000000091e+02 -3.156380000000000109e+03 2.900000000000000000e+03 2.792515869140625000e+02 2.371259918212890625e+02 3.271999740600585938e+01 1.606949920654296875e+02
1.539399999999999977e+02 -3.694309999999999945e+03 2.900000000000000000e+03 2.723104553222656250e+02 2.360890045166015625e+02 2.834999847412109375e+01 1.514309997558593750e+02
6.314400000000000546e+02 -2.068170000000000073e+03 2.900000000000000000e+03 2.511588897705078125e+02 2.185149993896484375e+02 2.464940071105957031e+01 1.390820007324218750e+02
7.390499999999999545e+02 7.694800000000000182e+02 2.900000000000000000e+03 2.288029632568359375e+02 2.063739929199218750e+02 2.135630035400390625e+01 1.179199981689453125e+02
4.137400000000000091e+02 3.156380000000000109e+03 2.900000000000000000e+03 2.500478668212890625e+02 2.210899963378906250e+02 2.730299949645996094e+01 1.341390075683593750e+02
-1.539399999999999977e+02 3.694309999999999945e+03 2.900000000000000000e+03 2.410308074951171875e+02 2.120070037841796875e+02 2.900399971008300781e+01 1.293269958496093750e+02
-7.383099999999999454e+02 2.418210000000000036e+03 2.900000000000000000e+03 1.347612609863281250e+02 1.186739959716796875e+02 1.825100135803222656e+01 7.662500000000000000e+01
-8.641399999999999864e+02 -8.997200000000000273e+02 2.900000000000000000e+03 1.460770111083984375e+02 1.275849990844726562e+02 1.953499984741210938e+01 8.803399658203125000e+01
-4.837699999999999818e+02 -3.690610000000000127e+03 2.900000000000000000e+03 1.744868316650390625e+02 1.498100128173828125e+02 2.078899955749511719e+01 1.022099990844726562e+02
1.799900000000000091e+02 -4.319590000000000146e+03 2.900000000000000000e+03 1.768552093505859375e+02 1.530290069580078125e+02 1.889679908752441406e+01 1.026740036010742188e+02
7.383099999999999454e+02 -2.418210000000000036e+03 2.900000000000000000e+03 1.649036254882812500e+02 1.457530059814453125e+02 1.615069961547851562e+01 9.295500183105468750e+01
8.641399999999999864e+02 8.997200000000000273e+02 2.900000000000000000e+03 1.575655975341796875e+02 1.412160034179687500e+02 1.569229984283447266e+01 8.651399993896484375e+01
4.837699999999999818e+02 3.690610000000000127e+03 2.900000000000000000e+03 1.382498931884765625e+02 1.248290023803710938e+02 1.539550018310546875e+01 7.569999694824218750e+01
-1.799900000000000091e+02 4.319590000000000146e+03 2.900000000000000000e+03 1.347741851806640625e+02 1.203929977416992188e+02 1.713369941711425781e+01 7.481400299072265625e+01
-8.535499999999999545e+02 2.795639999999999873e+03 2.900000000000000000e+03 8.948780059814453125e+01 7.982100677490234375e+01 1.275810050964355469e+01 5.297999954223632812e+01
-9.990199999999999818e+02 -1.040150000000000091e+03 2.900000000000000000e+03 1.022849807739257812e+02 8.978199768066406250e+01 1.391730022430419922e+01 6.145199966430664062e+01
-5.592699999999999818e+02 -4.266630000000000109e+03 2.900000000000000000e+03 1.116522827148437500e+02 9.715799713134765625e+01 1.372380065917968750e+01 6.762200164794921875e+01
2.080800000000000125e+02 -4.993779999999999745e+03 2.900000000000000000e+03 1.098962020874023438e+02 9.756600189208984375e+01 1.173789978027343750e+01 6.519300079345703125e+01
8.535499999999999545e+02 -2.795639999999999873e+03 2.900000000000000000e+03 1.041877899169921875e+02 9.373200225830078125e+01 1.037339973449707031e+01 6.047100067138671875e+01
9.990199999999999818e+02 1.040150000000000091e+03 2.900000000000000000e+03 9.921775054931640625e+01 9.080799865722656250e+01 9.712999343872070312e+00 5.520999908447265625e+01
5.592699999999999818e+02 4.266630000000000109e+03 2.900000000000000000e+03 9.005382537841796875e+01 8.243399810791015625e+01 1.037540054321289062e+01 5.094400024414062500e+01
-2.080800000000000125e+02 4.993779999999999745e+03 2.900000000000000000e+03 8.461566162109375000e+01 7.845899963378906250e+01 1.114319992065429688e+01 4.777399826049804688e+01
-9.771499999999999773e+02 3.200469999999999800e+03 2.900000000000000000e+03 5.956538009643554688e+01 5.486899948120117188e+01 9.004400253295898438e+00 3.648600006103515625e+01
-1.143680000000000064e+03 -1.190769999999999982e+03 2.900000000000000000e+03 6.870858764648437500e+01 6.121900177001953125e+01 9.828499794006347656e+00 4.273799896240234375e+01
-6.402599999999999909e+02 -4.884470000000000255e+03 2.900000000000000000e+03 7.651371002197265625e+01 6.783200073242187500e+01 9.530800819396972656e+00 4.702299880981445312e+01
2.382199999999999989e+02 -5.716920000000000073e+03 2.900000000000000000e+03 7.800502777099609375e+01 7.012099456787109375e+01 8.454999923706054688e+00 4.762000274658203125e+01
9.771499999999999773e+02 -3.200469999999999800e+03 2.900000000000000000e+03 7.426502227783203125e+01 6.780699920654296875e+01 7.236700057983398438e+00 4.403499984741210938e+01
1.143680000000000064e+03 1.190769999999999982e+03 2.900000000000000000e+03 6.727719879150390625e+01 6.341000366210937500e+01 6.593199729919433594e+00 3.839300155639648438e+01
6.402599999999999909e+02 4.884470000000000255e+03 2.900000000000000000e+03 6.005230331420898438e+01 5.729399871826171875e+01 7.070000171661376953e+00 3.472200012207031250e+01
-2.382199999999999989e+02 5.716920000000000073e+03 2.900000000000000000e+03 5.713674163818359375e+01 5.397399902343750000e+01 7.899400234222412109e+00 3.341899871826171875e+01
-1.109119999999999891e+03 3.632719999999999800e+03 2.900000000000000000e+03 4.253910827636718750e+01 4.015499877929687500e+01 6.779500007629394531e+00 2.684100151062011719e+01
-1.298140000000000100e+03 -1.351589999999999918e+03 2.900000000000000000e+03 4.832556533813476562e+01 4.447500228881835938e+01 7.186100006103515625e+00 3.102099990844726562e+01
-7.267300000000000182e+02 -5.544149999999999636e+03 2.900000000000000000e+03 5.582574081420898438e+01 5.098799896240234375e+01 7.036400318145751953e+00 3.470499801635742188e+01
2.703899999999999864e+02 -6.489029999999999745e+03 2.900000000000000000e+03 5.681219100952148438e+01 5.210099792480468750e+01 6.192399978637695312e+00 3.545199966430664062e+01
1.109119999999999891e+03 -3.632719999999999800e+03 2.900000000000000000e+03 5.338939285278320312e+01 5.033699798583984375e+01 5.189899921417236328e+00 3.199100112915039062e+01
1.298140000000000100e+03 1.351589999999999918e+03 2.900000000000000000e+03 4.749656677246093750e+01 4.566699981689453125e+01 4.823900222778320312e+00 2.824799919128417969e+01
7.267300000000000182e+02 5.544149999999999636e+03 2.900000000000000000e+03 4.231760406494140625e+01 4.141600036621093750e+01 5.132600307464599609e+00 2.523699951171875000e+01
-2.703899999999999864e+02 6.489029999999999745e+03 2.900000000000000000e+03 3.974310684204101562e+01 3.878400039672851562e+01 5.622799873352050781e+00 2.327700042724609375e+01
-1.249470000000000027e+03 4.092400000000000091e+03 2.900000000000000000e+03 3.084556770324707031e+01 2.988399887084960938e+01 5.237400054931640625e+00 2.029999923706054688e+01
-1.462410000000000082e+03 -1.522619999999999891e+03 2.900000000000000000e+03 3.549041748046875000e+01 3.397700119018554688e+01 5.603099822998046875e+00 2.409000015258789062e+01
-8.186900000000000546e+02 -6.245710000000000036e+03 2.900000000000000000e+03 4.107302474975585938e+01 3.841199874877929688e+01 5.397000312805175781e+00 2.685199928283691406e+01
3.046000000000000227e+02 -7.310149999999999636e+03 2.900000000000000000e+03 4.245315551757812500e+01 3.920800018310546875e+01 4.695300102233886719e+00 2.754100036621093750e+01
1.249470000000000027e+03 -4.092400000000000091e+03 2.900000000000000000e+03 3.975041580200195312e+01 3.851699829101562500e+01 3.833199977874755859e+00 2.451799964904785156e+01
1.462410000000000082e+03 1.522619999999999891e+03 2.900000000000000000e+03 3.486185073852539062e+01 3.503099822998046875e+01 3.509500026702880859e+00 2.092200088500976562e+01
8.186900000000000546e+02 6.245710000000000036e+03 2.900000000000000000e+03 3.041980934143066406e+01 3.082399940490722656e+01 3.765100002288818359e+00 1.858300018310546875e+01
-3.046000000000000227e+02 7.310149999999999636e+03 2.900000000000000000e+03 2.866849136352539062e+01 2.914300155639648438e+01 4.359899997711181641e+00 1.759899902343750000e+01
-1.398200000000000045e+03 4.579550000000000182e+03 2.900000000000000000e+03 2.276887512207031250e+01 2.286499977111816406e+01 4.030700206756591797e+00 1.504399967193603516e+01
-1.636490000000000009e+03 -1.703869999999999891e+03 2.900000000000000000e+03 2.696124649047851562e+01 2.603100013732910156e+01 4.353600025177001953e+00 1.817399978637695312e+01
-9.161499999999999773e+02 -6.989189999999999600e+03 2.900000000000000000e+03 3.136859703063964844e+01 2.937400054931640625e+01 4.253099918365478516e+00 2.117700004577636719e+01
3.408600000000000136e+02 -8.180329999999999927e+03 2.900000000000000000e+03 3.259617233276367188e+01 3.073299980163574219e+01 3.671500205993652344e+00 2.187299919128417969e+01
1.398200000000000045e+03 -4.579550000000000182e+03 2.900000000000000000e+03 3.016674613952636719e+01 3.013999938964843750e+01 2.896499872207641602e+00 1.927600097656250000e+01
1.636490000000000009e+03 1.703869999999999891e+03 2.900000000000000000e+03 2.614304924011230469e+01 2.680799865722656250e+01 2.677900075912475586e+00 1.671100044250488281e+01
9.161499999999999773e+02 6.989189999999999600e+03 2.900000000000000000e+03 2.253296661376953125e+01 2.377499961853027344e+01 2.873399972915649414e+00 1.411300086975097656e+01
-3.408600000000000136e+02 8.180329999999999927e+03 2.900000000000000000e+03 2.226638412475585938e+01 2.323799896240234375e+01 3.492899894714355469e+00 1.375199985504150391e+01
-1.555329999999999927e+03 5.094199999999999818e+03 2.900000000000000000e+03 1.740190696716308594e+01 1.798299980163574219e+01 3.221399784088134766e+00 1.172200012207031250e+01
-1.820400000000000091e+03 -1.895349999999999909e+03 2.900000000000000000e+03 2.107538604736328125e+01 2.067399978637695312e+01 3.578599929809570312e+00 1.481099987030029297e+01
-1.019100000000000023e+03 -7.774619999999999891e+03 2.900000000000000000e+03 2.489370155334472656e+01 2.385900115966796875e+01 3.452100038528442383e+00 1.719199943542480469e+01
3.791700000000000159e+02 -9.099629999999999200e+03 2.900000000000000000e+03 2.606969642639160156e+01 2.501899909973144531e+01 2.907000064849853516e+00 1.769799995422363281e+01
1.555329999999999927e+03 -5.094199999999999818e+03 2.900000000000000000e+03 2.335939025878906250e+01 2.355800056457519531e+01 2.273499965667724609e+00 1.582199954986572266e+01
1.820400000000000091e+03 1.895349999999999909e+03 2.900000000000000000e+03 2.011241340637207031e+01 2.165100097656250000e+01 2.124899864196777344e+00 1.347799968719482422e+01
1.019100000000000023e+03 7.774619999999999891e+03 2.900000000000000000e+03 1.664894485473632812e+01 1.817700004577636719e+01 2.379799842834472656e+00 1.153199958801269531e+01
-3.791700000000000159e+02 9.099629999999999200e+03 2.900000000000000000e+03 1.666505050659179688e+01 1.790999984741210938e+01 2.843600034713745117e+00 1.086999988555908203e+01
-1.720859999999999900e+03 5.636369999999999891e+03 2.900000000000000000e+03 1.384659385681152344e+01 1.480499935150146484e+01 2.627199888229370117e+00 9.362999916076660156e+00
-2.014150000000000091e+03 -2.097070000000000164e+03 2.900000000000000000e+03 1.635442352294921875e+01 1.660300064086914062e+01 2.949599981307983398e+00 1.211100006103515625e+01
-1.127569999999999936e+03 -8.602079999999999927e+03 2.900000000000000000e+03 2.012036323547363281e+01 1.963600158691406250e+01 2.848599910736083984e+00 1.422200012207031250e+01
4.195199999999999818e+02 -1.006810000000000036e+04 2.900000000000000000e+03 2.083026695251464844e+01 2.078000068664550781e+01 2.297399997711181641e+00 1.425300025939941406e+01
1.720859999999999900e+03 -5.636369999999999891e+03 2.900000000000000000e+03 1.842052841186523438e+01 1.924200057983398438e+01 1.790599942207336426e+00 1.280399990081787109e+01
2.014150000000000091e+03 2.097070000000000164e+03 2.900000000000000000e+03 1.591909122467041016e+01 1.747299957275390625e+01 1.621999979019165039e+00 1.036299991607666016e+01
1.127569999999999936e+03 8.602079999999999927e+03 2.900000000000000000e+03 1.300352287292480469e+01 1.456499958038330078e+01 1.728900074958801270e+00 8.590000152587890625e+00
-4.195199999999999818e+02 1.006810000000000036e+04 2.900000000000000000e+03 1.228787899017333984e+01 1.400799942016601562e+01 2.178699970245361328e+00 8.067999839782714844e+00
-1.894819999999999936e+03 6.206130000000000109e+03 2.900000000000000000e+03 1.039168739318847656e+01 1.156500053405761719e+01 2.222700119018554688e+00 7.657000064849853516e+00
-2.217750000000000000e+03 -2.309050000000000182e+03 2.900000000000000000e+03 1.329175472259521484e+01 1.373399925231933594e+01 2.510200023651123047e+00 1.002700042724609375e+01
-1.241549999999999955e+03 -9.471620000000000800e+03 2.900000000000000000e+03 1.588021755218505859e+01 1.582800006866455078e+01 2.343999862670898438e+00 1.186800003051757812e+01
4.619300000000000068e+02 -1.108579999999999927e+04 2.900000000000000000e+03 1.680244636535644531e+01 1.705400085449218750e+01 1.911600112915039062e+00 1.211400032043457031e+01
1.894819999999999936e+03 -6.206130000000000109e+03 2.900000000000000000e+03 1.500271892547607422e+01 1.610499954223632812e+01 1.452900052070617676e+00 1.056500053405761719e+01
2.217750000000000000e+03 2.309050000000000182e+03 2.900000000000000000e+03 1.240194416046142578e+01 1.414499950408935547e+01 1.332299947738647461e+00 8.906000137329101562e+00
1.241549999999999955e+03 9.471620000000000800e+03 2.900000000000000000e+03 9.803280830383300781e+00 1.191100025177001953e+01 1.372699975967407227e+00 6.616000175476074219e+00
-4.619300000000000068e+02 1.108579999999999927e+04 2.900000000000000000e+03 9.138068199157714844e+00 1.073999977111816406e+01 1.766000032424926758e+00 6.406000137329101562e+00
-2.077199999999999818e+03 6.803510000000000218e+03 2.900000000000000000e+03 8.151606559753417969e+00 9.234999656677246094e+00 1.878700017929077148e+00 6.446999549865722656e+00
-2.431219999999999800e+03 -2.531309999999999945e+03 2.900000000000000000e+03 1.054995822906494141e+01 1.143900012969970703e+01 2.028399944305419922e+00 8.206999778747558594e+00
-1.361059999999999945e+03 -1.038329999999999927e+04 2.900000000000000000e+03 1.301238822937011719e+01 1.311499977111816406e+01 1.981299996376037598e+00 1.011000061035156250e+01
5.063899999999999864e+02 -1.215289999999999964e+04 2.900000000000000000e+03 1.394165039062500000e+01 1.396300029754638672e+01 1.561499953269958496e+00 1.020100021362304688e+01
2.077199999999999818e+03 -6.803510000000000218e+03 2.900000000000000000e+03 1.211527824401855469e+01 1.305299949645996094e+01 1.177199959754943848e+00 8.803000450134277344e+00
2.431219999999999800e+03 2.531309999999999945e+03 2.900000000000000000e+03 9.861533164978027344e+00 1.131599998474121094e+01 9.987000226974487305e-01 6.738999843597412109e+00
1.361059999999999945e+03 1.038329999999999927e+04 2.900000000000000000e+03 8.106803894042968750e+00 9.531999588012695312e+00 1.225100040435791016e+00 5.822999954223632812e+00
-5.063899999999999864e+02 1.215289999999999964e+04 2.900000000000000000e+03 7.142932415008544922e+00 8.652999877929687500e+00 1.370000004768371582e+00 4.838999748229980469e+00
-2.268039999999999964e+03 7.428569999999999709e+03 2.900000000000000000e+03 6.321464538574218750e+00 7.579999923706054688e+00 1.609599947929382324e+00 5.221000194549560547e+00
-2.654579999999999927e+03 -2.763869999999999891e+03 2.900000000000000000e+03 8.531009674072265625e+00 9.390999794006347656e+00 1.694000005722045898e+00 6.688000202178955078e+00
-1.486099999999999909e+03 -1.133729999999999927e+04 2.900000000000000000e+03 1.097467231750488281e+01 1.121399974822998047e+01 1.687299966812133789e+00 8.717000007629394531e+00
5.529199999999999591e+02 -1.326950000000000000e+04 2.900000000000000000e+03 1.133058357238769531e+01 1.218599987030029297e+01 1.312000036239624023e+00 8.682000160217285156e+00
2.268039999999999964e+03 -7.428569999999999709e+03 2.900000000000000000e+03 1.008345603942871094e+01 1.113799953460693359e+01 9.656000137329101562e-01 7.482999801635742188e+00
2.654579999999999927e+03 2.763869999999999891e+03 2.900000000000000000e+03 8.015243530273437500e+00 9.324999809265136719e+00 8.586000204086303711e-01 5.810999870300292969e+00
1.486099999999999909e+03 1.133729999999999927e+04 2.900000000000000000e+03 6.130166053771972656e+00 7.618999958038330078e+00 9.508000016212463379e-01 4.508999824523925781e+00
-5.529199999999999591e+02 1.326950000000000000e+04 2.900000000000000000e+03 5.518568515777587891e+00 6.973999977111816406e+00 1.243200063705444336e+00 4.211999893188476562e+00
4.569900000000000091e+02 4.737119999999999891e+03 2.900000000000000000e+03 8.208431243896484375e+01 7.616200256347656250e+01 9.710699081420898438e+00 4.647900009155273438e+01
-2.451100000000000136e+02 5.370960000000000036e+03 2.900000000000000000e+03 6.830358123779296875e+01 6.373999786376953125e+01 9.245200157165527344e+00 3.925799942016601562e+01
-1.201450000000000045e+03 -6.465299999999999727e+02 2.900000000000000000e+03 6.157384109497070312e+01 5.556499862670898438e+01 8.943499565124511719e+00 3.839700317382812500e+01
1.905799999999999955e+03 7.171720000000000255e+03 2.900000000000000000e+03 9.688780784606933594e+00 1.155599975585937500e+01 1.243399977684020996e+00 6.906999588012695312e+00
-2.398150000000000091e+03 -3.396170000000000073e+03 2.900000000000000000e+03 1.085782814025878906e+01 1.170899963378906250e+01 2.060500144958496094e+00 8.515999794006347656e+00
1.441699999999999875e+02 -5.452840000000000146e+03 2.900000000000000000e+03 9.245236206054687500e+01 8.243500518798828125e+01 1.011250019073486328e+01 5.576599884033203125e+01
1.452410000000000082e+03 -1.550670000000000073e+03 2.900000000000000000e+03 3.851488494873046875e+01 3.764500045776367188e+01 3.702200174331665039e+00 2.354500007629394531e+01
-1.776200000000000045e+02 -7.967619999999999891e+03 2.900000000000000000e+03 3.632693862915039062e+01 3.370499801635742188e+01 4.344699859619140625e+00 2.401799964904785156e+01
-4.697999999999999687e+01 7.498300000000000182e+03 2.900000000000000000e+03 2.820884704589843750e+01 2.921699905395507812e+01 4.179999828338623047e+00 1.746899986267089844e+01
3.250199999999999818e+02 -1.283920000000000073e+04 2.900000000000000000e+03 1.289487934112548828e+01 1.325000000000000000e+01 1.479200005531311035e+00 9.484999656677246094e+00
3.403700000000000045e+02 9.760649999999999636e+03 2.900000000000000000e+03 1.336552333831787109e+01 1.515699958801269531e+01 2.064599990844726562e+00 8.661000251770019531e+00
1.067609999999999900e+03 1.248180000000000064e+03 2.900000000000000000e+03 8.023415374755859375e+01 7.468299865722656250e+01 8.034500122070312500e+00 4.547200012207031250e+01
1.298859999999999900e+03 1.021179999999999927e+04 2.900000000000000000e+03 8.592545509338378906e+00 9.899000167846679688e+00 1.275099992752075195e+00 6.157000064849853516e+00
-3.232099999999999795e+02 -2.978929999999999836e+03 2.900000000000000000e+03 2.693560791015625000e+02 2.283639984130859375e+02 3.171299934387207031e+01 1.575449981689453125e+02
4.423299999999999841e+02 -1.129939999999999964e+04 2.900000000000000000e+03 1.614326858520507812e+01 1.655599975585937500e+01 1.855100035667419434e+00 1.182600021362304688e+01
8.083200000000000500e+02 -4.996149999999999636e+03 2.900000000000000000e+03 6.030148315429687500e+01 5.545899963378906250e+01 5.992700099945068359e+00 3.637500000000000000e+01
